255 255 255 255 255 255 255 255 255 255 255 255 255 255 255 255
255 112  64  64  64 207 112 255 207 207 207  64  64  64 112 255
255  64 239 191 191 191  48  48  64 207 191 191 191 239  64 255
255  64 191   0 191 191 143 143 255 112 191 191   0 191  64 255
255  64 191 191 143 191 191 191  48  48 191 143 191 191  64 255
255 207 191 191 191 239 239 239 239 239 239 191 191 191 207 255
255 112  16 207  48  48  64 207 191   0  48  96  48 239 112 255
255 112 159  64  48 191  16  16 239 191  48 239 191 239 255 255
255  64  48 191  96  48  64 207 239 239   0  48  48 191 207 255
255  64 191  48 239  48  64 207  96 239  48 239 191  48  64 255
255 207 191 191 191  96  96 191 207 255  96 239  48 191  64 255
255  64 191 191 143 191 239  48 159 207 239 239  48 191 207 255
255  64 191   0 191 191   0  48 191 239  64  64  48 239 207 255
255  64 239 191 191 191 191 239  48 239  64  64  48  96 207 255
255 112  64  64  64 207  64 207 207  64 255 255 207  64 112 255
255 255 255 255 255 255 255 255 255 255 255 255 255 255 255 255
255 255 255 255 255 255 255 255 255 255 255 255 255 255 255 255
255 112  64  64  64 207 112 255 207 207 207  64  64  64 112 255
255  64 239 191 191 191  48  48  64 207 191 191 191 239  64 255
255  64 191   0 191 191 143 143 255 112 191 191   0 191  64 255
255  64 191 191 143 191 191 191  48  48 191 143 191 191  64 255
255 207 191 191 191 239 239 239 239 239 239 191 191 191 207 255
255 112  16 207  48  48  64 207 191   0  48  96  48 239 112 255
255 112 159  64  48 191  16  16 239 191  48 239 191 239 255 255
255  64  48 191  96  48  64 207 239 239   0  48  48 191 207 255
255  64 191  48 239  48  64 207  96 239  48 239 191  48  64 255
255 207 191 191 191  96  96 191 207 255  96 239  48 191  64 255
255  64 191 191 143 191 239  48 159 207 239 239  48 191 207 255
255  64 191   0 191 191   0  48 191 239  64  64  48 239 207 255
255  64 239 191 191 191 191 239  48 239  64  64  48  96 207 255
255 112  64  64  64 207  64 207 207  64 255 255 207  64 112 255
255 255 255 255 255 255 255 255 255 255 255 255 255 255 255 255
255 255 255 255 255 255 255 255 255 255 255 255 255 255 255 255
255 112  64  64  64 207 112 255 207 207 207  64  64  64 112 255
255  64 239 191 191 191  48  48  64 207 191 191 191 239  64 255
255  64 191   0 191 191 143 143 255 112 191 191   0 191  64 255
255  64 191 191 143 191 191 191  48  48 191 143 191 191  64 255
255 207 191 191 191 239 239 239 239 239 239 191 191 191 207 255
255 112  16 207  48  48  64 207 191   0  48  96  48 239 112 255
255 112 159  64  48 191  16  16 239 191  48 239 191 239 255 255
255  64  48 191  96  48  64 207 239 239   0  48  48 191 207 255
255  64 191  48 239  48  64 207  96 239  48 239 191  48  64 255
255 207 191 191 191  96  96 191 207 255  96 239  48 191  64 255
255  64 191 191 143 191 239  48 159 207 239 239  48 191 207 255
255  64 191   0 191 191   0  48 191 239  64  64  48 239 207 255
255  64 239 191 191 191 191 239  48 239  64  64  48  96 207 255
255 112  64  64  64 207  64 207 207  64 255 255 207  64 112 255
255 255 255 255 255 255 255 255 255 255 255 255 255 255 255 255

255 255 255 255 255 255 255 255 255 255 255 255 255 255 255 255
255 112  64  64  64 207 112 255 207  64  64 207 207 207 112 255
255  64 239 191 191 191 239 239 191  48 191 191 239  96  64 255
255  64 191   0 191 191  48 191  48 191  48  48  48  48 207 255
255  64 191 191 143 191  96 239  48 239 239 239  64  64 255 255
255 207 191 191 191 239  48  48   0  48  96 239  64  64 255 255
255 207 207 112  48 239   0 191 239 239 255 207 239 239  64 255
255 207  64 255  48 239 191 239 239  96 207 159 191  48 207 255
255 255  48 143 191 239 207  16 207 207 191  48  48 239 207 255
255 112  48 143 191 239  64  16  64  64  96 239   0 191  64 255
255 207 191 191 191 239  48 191  48  48  96 191 191 191 207 255
255  64 191 191 143 191  48  48  96 239 191 143 191 191  64 255
255  64 191   0 191 191 207  64 191  48 191 191   0 191  64 255
255  64 239 191 191 191  16 159  48 191 191 191 191 239  64 255
255 112  64  64  64 207 112 112  64  64 207  64  64  64 112 255
255 255 255 255 255 255 255 255 255 255 255 255 255 255 255 255
255 255 255 255 255 255 255 255 255 255 255 255 255 255 255 255
255 112  64  64  64 207 112 255 207  64  64 207 207 207 112 255
255  64 239 191 191 191 239 239 191  48 191 191 239  96  64 255
255  64 191   0 191 191  48 191  48 191  48  48  48  48 207 255
255  64 191 191 143 191  96 239  48 239 239 239  64  64 255 255
255 207 191 191 191 239  48  48   0  48  96 239  64  64 255 255
255 207 207 112  48 239   0 191 239 239 255 207 239 239  64 255
255 207  64 255  48 239 191 239 239  96 207 159 191  48 207 255
255 255  48 143 191 239 207  16 207 207 191  48  48 239 207 255
255 112  48 143 191 239  64  16  64  64  96 239   0 191  64 255
255 207 191 191 191 239  48 191  48  48  96 191 191 191 207 255
255  64 191 191 143 191  48  48  96 239 191 143 191 191  64 255
255  64 191   0 191 191 207  64 191  48 191 191   0 191  64 255
255  64 239 191 191 191  16 159  48 191 191 191 191 239  64 255
255 112  64  64  64 207 112 112  64  64 207  64  64  64 112 255
255 255 255 255 255 255 255 255 255 255 255 255 255 255 255 255
255 255 255 255 255 255 255 255 255 255 255 255 255 255 255 255
255 112  64  64  64 207 112 255 207  64  64 207 207 207 112 255
255  64 239 191 191 191 239 239 191  48 191 191 239  96  64 255
255  64 191   0 191 191  48 191  48 191  48  48  48  48 207 255
255  64 191 191 143 191  96 239  48 239 239 239  64  64 255 255
255 207 191 191 191 239  48  48   0  48  96 239  64  64 255 255
255 207 207 112  48 239   0 191 239 239 255 207 239 239  64 255
255 207  64 255  48 239 191 239 239  96 207 159 191  48 207 255
255 255  48 143 191 239 207  16 207 207 191  48  48 239 207 255
255 112  48 143 191 239  64  16  64  64  96 239   0 191  64 255
255 207 191 191 191 239  48 191  48  48  96 191 191 191 207 255
255  64 191 191 143 191  48  48  96 239 191 143 191 191  64 255
255  64 191   0 191 191 207  64 191  48 191 191   0 191  64 255
255  64 239 191 191 191  16 159  48 191 191 191 191 239  64 255
255 112  64  64  64 207 112 112  64  64 207  64  64  64 112 255
255 255 255 255 255 255 255 255 255 255 255 255 255 255 255 255

255 254 254 254 255 255 254 254 254 254 254 254 254 254 254 255
254 171 118 220 239 239 144 213 221 119 160 121 116 115 163 254
254 189 108  60  91  87 178  49 161 134  97 195 153 207 115 254
254 188 184  67  94  68 147 134  68  21  98 191   4 153 116 254
254 215 190  53 222 127 174 178 106 202 176 167 191 194 121 254
254 114 197  74 127  72 138 129 149  57  73 176 149 205 167 254
254 110 111 177 173 112 201  89 149  49  30 203 114 181 115 254
254 176 152  87  43  85 177 166 151  60  24 126 134  90 151 254
254 205 187 153 154 108 142 190  89  44 122  88 111 159 182 254
254 173 208 126  85  76  35 174 179  48  38  72 133  28 129 254
254 219 132 176 128 144 134 144 145 131 115 176  98  97 160 254
254 121 194 191 167 176  78  98 186 168 112 167 191 194 121 254
254 116 154   4 191 116  88 172 123 134 176 191   4 153 116 254
254 115 207 153 194 196 198  93  65  47 132 195 153 207 115 254
254 163 115 116 121 167 201 213 238 161 219 121 116 115 163 254
255 254 254 254 254 254 254 254 255 254 254 254 254 254 254 255
255 254 254 254 255 255 254 254 254 254 254 254 254 254 254 255
254 171 118 220 239 239 144 213 221 119 160 121 116 115 163 254
254 189 108  60  91  87 178  49 161 134  97 195 153 207 115 254
254 188 184  67  94  68 147 134  68  21  98 191   4 153 116 254
254 215 190  53 222 127 174 178 106 202 176 167 191 194 121 254
254 114 197  74 127  72 138 129 149  57  73 176 149 205 167 254
254 110 111 177 173 112 201  89 149  49  30 203 114 181 115 254
254 176 152  87  43  85 177 166 151  60  24 126 134  90 151 254
254 205 187 153 154 108 142 190  89  44 122  88 111 159 182 254
254 173 208 126  85  76  35 174 179  48  38  72 133  28 129 254
254 219 132 176 128 144 134 144 145 131 115 176  98  97 160 254
254 121 194 191 167 176  78  98 186 168 112 167 191 194 121 254
254 116 154   4 191 116  88 172 123 134 176 191   4 153 116 254
254 115 207 153 194 196 198  93  65  47 132 195 153 207 115 254
254 163 115 116 121 167 201 213 238 161 219 121 116 115 163 254
255 254 254 254 254 254 254 254 255 254 254 254 254 254 254 255
255 254 254 254 255 255 254 254 254 254 254 254 254 254 254 255
254 171 118 220 239 239 144 213 221 119 160 121 116 115 163 254
254 189 108  60  91  87 178  49 161 134  97 195 153 207 115 254
254 188 184  67  94  68 147 134  68  21  98 191   4 153 116 254
254 215 190  53 222 127 174 178 106 202 176 167 191 194 121 254
254 114 197  74 127  72 138 129 149  57  73 176 149 205 167 254
254 110 111 177 173 112 201  89 149  49  30 203 114 181 115 254
254 176 152  87  43  85 177 166 151  60  24 126 134  90 151 254
254 205 187 153 154 108 142 190  89  44 122  88 111 159 182 254
254 173 208 126  85  76  35 174 179  48  38  72 133  28 129 254
254 219 132 176 128 144 134 144 145 131 115 176  98  97 160 254
254 121 194 191 167 176  78  98 186 168 112 167 191 194 121 254
254 116 154   4 191 116  88 172 123 134 176 191   4 153 116 254
254 115 207 153 194 196 198  93  65  47 132 195 153 207 115 254
254 163 115 116 121 167 201 213 238 161 219 121 116 115 163 254
255 254 254 254 254 254 254 254 255 254 254 254 254 254 254 255

255 255 254 254 254 255 254 254 255 254 255 254 254 254 255 255
255 164 116 116 122 168 116 151 183 129 160 122 116 116 164 255
254 116 208 153 195 206 181  91 160  28  97 195 153 208 116 254
254 116 153   5 191 150 114 134 111 134  98 191   5 153 116 254
254 122 195 192 168 177 203 127  89  73 177 168 192 195 122 254
255 160  97  98 177  73  31  24 123  38 115 113 176 133 219 255
254 120 134  21 202  57  50  60  45  49 132 169 135  48 162 255
255 221 162  68 106 150 149 151  89 180 146 186 124  66 239 255
255 213  49 134 179 129  89 167 191 174 145  99 173  93 213 255
255 145 178 147 174 139 202 177 142  35 134  78  89 198 201 255
255 239  87  69 128  72 112  86 108  76 144 177 116 196 168 255
255 239  91  95 222 128 174  44 155  85 129 168 191 195 122 254
255 220  61  67  54  74 177  88 153 126 176 191   5 153 116 254
254 119 109 184 190 198 112 152 187 208 133 195 154 208 116 254
255 172 189 189 215 115 111 176 206 173 219 122 116 116 164 255
255 255 255 255 255 254 254 255 255 255 255 254 254 254 255 255
255 255 254 254 254 255 254 254 255 254 255 254 254 254 255 255
255 164 116 116 122 168 116 151 183 129 160 122 116 116 164 255
254 116 208 153 195 206 181  91 160  28  97 195 153 208 116 254
254 116 153   5 191 150 114 134 111 134  98 191   5 153 116 254
254 122 195 192 168 177 203 127  89  73 177 168 192 195 122 254
255 160  97  98 177  73  31  24 123  38 115 113 176 133 219 255
254 120 134  21 202  57  50  60  45  49 132 169 135  48 162 255
255 221 162  68 106 150 149 151  89 180 146 186 124  66 239 255
255 213  49 134 179 129  89 167 191 174 145  99 173  93 213 255
255 145 178 147 174 139 202 177 142  35 134  78  89 198 201 255
255 239  87  69 128  72 112  86 108  76 144 177 116 196 168 255
255 239  91  95 222 128 174  44 155  85 129 168 191 195 122 254
255 220  61  67  54  74 177  88 153 126 176 191   5 153 116 254
254 119 109 184 190 198 112 152 187 208 133 195 154 208 116 254
255 172 189 189 215 115 111 176 206 173 219 122 116 116 164 255
255 255 255 255 255 254 254 255 255 255 255 254 254 254 255 255
255 255 254 254 254 255 254 254 255 254 255 254 254 254 255 255
255 164 116 116 122 168 116 151 183 129 160 122 116 116 164 255
254 116 208 153 195 206 181  91 160  28  97 195 153 208 116 254
254 116 153   5 191 150 114 134 111 134  98 191   5 153 116 254
254 122 195 192 168 177 203 127  89  73 177 168 192 195 122 254
255 160  97  98 177  73  31  24 123  38 115 113 176 133 219 255
254 120 134  21 202  57  50  60  45  49 132 169 135  48 162 255
255 221 162  68 106 150 149 151  89 180 146 186 124  66 239 255
255 213  49 134 179 129  89 167 191 174 145  99 173  93 213 255
255 145 178 147 174 139 202 177 142  35 134  78  89 198 201 255
255 239  87  69 128  72 112  86 108  76 144 177 116 196 168 255
255 239  91  95 222 128 174  44 155  85 129 168 191 195 122 254
255 220  61  67  54  74 177  88 153 126 176 191   5 153 116 254
254 119 109 184 190 198 112 152 187 208 133 195 154 208 116 254
255 172 189 189 215 115 111 176 206 173 219 122 116 116 164 255
255 255 255 255 255 254 254 255 255 255 255 254 254 254 255 255
